61
93
20
91
34
32
12
81
44
28
59
81
3
95
2
92
99
52
79
12
23
21
1
61
42
46
55
99
70
88
91
57
64
94
91
58
50
82
69
91
84
46
38
77
96
24
53
13
86
7
22
95
78
58
93
95
35
17
34
3
27
44
10
16
14
13
14
30
39
38
57
76
96
32
73
76
63
46
1
89
77
42
51
66
9
23
69
83
65
60
45
20
37
99
91
50
50
37
26
31
59
20
73
23
55
86
29
81
54
68
70
85
30
16
99
87
17
2
44
53
27
98
84
8
9
69
15
21
7
30
21
69
22
49
67
40
5
10
94
83
9
21
52
4
66
87
9
22
34
66